[ 1.53631065e+00  3.46122177e-01 -1.56836241e+00 -3.20712072e-04
 -4.56932721e-02 -4.88529181e-01  1.39355391e+00 -9.14368508e-01
  2.62841648e-02  1.53897137e+00 -3.59347355e-01  1.59103348e+00
 -2.14694162e-02  6.26997193e-02 -4.64609377e-01  1.39648039e+00
 -9.43997902e-01 -2.78992815e-02  4.97586080e-01  1.58226599e+00
  1.24055635e-02  2.07424606e-02 -2.92163971e-02  1.18321333e-03
  1.68628168e-03  3.79865686e-03 -2.07816451e-02 -6.43268008e-03
  1.54924676e+00  1.01271123e-02 -3.20282319e-02  1.88137585e-03
 -1.14155296e-02 -1.19464706e-03 -2.84520176e-03 -2.22486535e-02
  3.51204397e-02 -1.92661056e-02  1.56758709e+00 -1.96418554e-02
 -1.27048752e-02 -9.01998274e-04  2.14935830e-01 -9.74296265e-03
  1.04280013e-04 -7.77328031e-03 -2.40641933e-01  1.54984786e+00
  4.43492638e-02  1.76795064e-02 -7.56354584e-03  2.04656412e-01
  3.89613677e-02 -4.00603443e-02  5.84126668e-03 -2.04498051e-01
  4.60407512e-02  8.59550767e-01 -1.68622808e-02 -4.70063172e-02
  1.11666043e-02  2.24409636e-01 -4.70191248e-01  3.26978997e+00
 -1.58560964e+00 -1.95168168e-01  8.42117893e-01  7.47484116e-03
 -7.14711427e-03  4.72348233e-03  2.10247937e-01 -4.89379080e-01
  8.24264025e-01 -5.39474014e-01 -1.88013617e-01  6.05859228e-03
  8.82804417e-01  3.59828274e-02  2.37517612e-02 -9.33257815e-03
  2.17956448e-01 -5.09241258e-01  3.28087520e+00 -1.58416802e+00
 -1.77706058e-01  8.84241568e-01  2.66077246e-02 -4.85353262e-06
  5.69404576e-03  1.98897256e-01 -4.68254232e-01  8.20829622e-01
 -5.70258988e-01 -1.98176938e-01  7.03684525e-01  8.52040390e-01
 -2.94444351e-02  2.10123650e-02 -6.29996860e-03  2.09778693e-01
  6.80650185e-01  2.59726534e+00  8.77585210e-01 -1.97512340e-01
  9.02639421e-01 -8.44163029e-03  2.88208731e-02 -8.71183067e-01
  2.32312504e-01  1.99895992e-02  4.29889505e-02 -1.88855508e-02
 -1.86242053e-01  9.35112079e-01  8.83542440e-01  2.59505497e-02
  1.04713854e-02 -4.00224552e-02  1.53443657e-01  7.28074331e-01
  2.61387386e+00  8.78623877e-01 -2.40671338e-01  9.07322345e-01
 -8.02968471e-03  3.31106845e-02 -8.40735542e-01  2.04889634e-01
  6.70190063e-03 -6.25328006e-03 -2.29024724e-02 -2.01666839e-01
  2.85163944e-01  8.90553638e-01 -2.50250322e-02  2.47664270e-02
  2.88113114e-02  2.40604949e-01  6.80102061e-01  2.60119080e+00
  8.69551332e-01 -2.00213479e-01  8.30976588e-01  4.90691585e-02
  5.15074522e-03 -8.80185561e-01  1.87316186e-01  9.03186027e-03
 -1.74281933e-02 -2.21153561e-02 -2.05848320e-01  2.81155224e-01
  2.08548182e+00  1.31628933e-02 -1.23953092e-02 -2.37440304e-02
  1.73779257e-01 -1.57328605e+00 -1.44575437e-02  1.37754018e-01
 -2.19453012e-01  2.09052204e+00 -9.13811550e-03  5.37288429e-04
 -7.32652998e-03  2.24178415e-01  1.77271107e-01  5.49581712e-01
  1.73107037e-01 -1.85974064e-01  9.96235758e-02  2.62064617e+00
 -3.91859333e-02  6.56911539e-03  6.79820318e-01  2.20395925e-01
 -1.56871132e+00 -1.76277300e-02 -7.12807983e-01 -2.25902719e-01
  2.59068447e+00 -9.85393005e-03 -5.56766091e-02 -1.84282286e-02
  1.91687030e-01  5.16135779e-01  1.06111920e+00  5.39576073e-01
 -2.00084059e-01  3.76910672e-03  2.61474345e+00  8.14522038e-04
 -1.26754723e-02  7.25897696e-01  1.82220461e-01 -1.58713255e+00
 -8.88115831e-03 -7.07102025e-01 -1.78018751e-01  2.63853757e+00
 -1.46457793e-02 -5.28957161e-03 -3.64047336e-03  2.61043607e-01
  5.21617633e-01  1.03707188e+00  5.41498381e-01 -1.92835313e-01
  5.07019205e-01]